
Retuning c = c_coll = c_idle on the manuscript's own grid
  tau_0 = 1/W_eff every visit; N_nat = 10; 8 scenarios x 2 access = 16 cells

  measured: T = useful airtime / W_eff (0..1);  T/T_oracle, 1.00 = oracle;  rho = visitor share / population share

       c  T/T_orc med  T/T_orc min   rho med    T med
    1.05        1.026        0.977     0.190    0.669
    1.10        1.032        0.976     0.271    0.664
    1.15        1.032        0.977     0.324    0.660
    1.20        1.037        0.978     0.358    0.659
    1.30        1.026        0.977     0.416    0.655
    1.40        1.016        0.972     0.564    0.650
    1.50        1.008        0.961     0.635    0.646
    1.60        0.998        0.911     0.711    0.638
    1.75        0.984        0.875     0.778    0.629
    1.90        0.977        0.834     0.837    0.630
    2.10        0.957        0.774     0.890    0.595

  --- basic: T/T_oracle median by c ---
       1.05   1.10   1.15   1.20   1.30   1.40   1.50   1.60   1.75   1.90   2.10
      1.221  1.224  1.184  1.155  1.119  1.106  1.098  1.061  1.031  0.984  0.958
  --- rts: T/T_oracle median by c ---
       1.05   1.10   1.15   1.20   1.30   1.40   1.50   1.60   1.75   1.90   2.10
      0.995  0.998  0.997  0.995  0.992  0.989  0.985  0.982  0.976  0.968  0.957

  --- T/T_oracle by W_eff (both access, median) ---
      W_eff   1.05   1.10   1.15   1.20   1.30   1.40   1.50   1.60   1.75   1.90   2.10
        100  1.128  1.141  1.134  1.140  1.139  1.131  1.125  1.103  1.092  1.068  1.053
        200  1.142  1.141  1.135  1.129  1.121  1.105  1.098  1.073  1.078  1.078  1.052
        420  1.020  1.025  1.024  1.027  1.018  1.013  0.998  0.998  0.984  0.977  0.957
        840  1.104  1.103  1.091  1.079  1.046  1.023  0.999  0.983  0.951  0.930  0.897
       1680  1.137  1.118  1.090  1.061  1.020  0.982  0.965  0.934  0.910  0.877  0.798

  --- T/T_oracle by N_vis at W_eff = 420 (both access, median) ---
      N_vis   1.05   1.10   1.15   1.20   1.30   1.40   1.50   1.60   1.75   1.90   2.10
          5  1.000  1.005  1.006  1.010  1.000  0.998  0.984  0.986  0.971  0.951  0.920
         10  1.050  1.060  1.057  1.047  1.039  1.036  1.031  1.010  1.001  0.967  0.951
         20  1.081  1.081  1.087  1.070  1.065  1.055  1.051  1.032  1.007  0.984  0.964
         50  1.141  1.132  1.133  1.114  1.108  1.089  1.072  1.072  1.030  1.019  0.985
